test_root_path: /root/autodl-tmp/pytracking/pytracking/tracking_results/dimp/dimp50
OV: 0.2718317296704382
OC: 0.3580820796121841
FM: 0.2923199094501266
SV: 0.3365695083611747
LI: 0.2513644993555418
TC: 0.37402708395104667
LR: 0.21025996536282868
