OV: 0.4710324858056483
OC: 0.5868129784789102
FM: 0.5358400645599397
SV: 0.5114741924324149
LI: 0.5506806653297283
TC: 0.4841462750231326
LR: 0.42802734323800684
