OV: 0.18201555075383283
OC: 0.30510070153118185
FM: 0.18850714881456737
SV: 0.18160054501494327
LI: 0.06769839365801877
TC: 0.3088205532217655
LR: 0.10041816761117432
