test_root_path: /root/autodl-tmp/pytracking/pytracking/tracking_results/tomp/tomp101
OV: 0.3694332938978628
OC: 0.564728584119728
FM: 0.4177420245673929
SV: 0.4190830257456437
LI: 0.33384413886387376
TC: 0.46559104308456417
LR: 0.27844799070983844
