OV: 0.47640591040289604
OC: 0.58371668365516
FM: 0.5497791773413496
SV: 0.5008841981223721
LI: 0.5693815355844366
TC: 0.5011068847126292
LR: 0.4872929027467334
