OV: 0.6594096747097147
OC: 0.665295656074237
FM: 0.6396481477739515
SV: 0.6163460001106977
LI: 0.64752029660093
TC: 0.624246676191977
LR: 0.6259618452735869
