OV: 0.5400390335275751
OC: 0.5635306103407978
FM: 0.515794358673196
SV: 0.4930171798367995
LI: 0.5261638711332403
TC: 0.5024345395688758
LR: 0.509796057348108
