OV: 0.6205011413984395
OC: 0.6591954971224357
FM: 0.5970092360770555
SV: 0.5678711069572544
LI: 0.6134226394104959
TC: 0.5800762102983634
LR: 0.5978814492101717
